3430942279505634
8109223146843812
7002975205764736
3543986223478950
1329497192324301
7198605144708084
2875982871728408
1983404828911684
8030706461013333
5036017643483794
5375482124482980
9777000174090232
5026855250423603
7360595735464541
7878411128232372
2049593592637820
0422319714962244
5757740286975741
0560948971644342
0203667980247686
5649319329996757
5832778223847349
7664790931310514
4564237305773815
7914169254248576
6361398456171543
7695102561897066
3084350811192238
9710589741627606
1130560907240413
6095194807895218
9904863377489911
8952346933603681
3087447388007700
4364592829267502
8799110240170951
7069264281185562
8969338037817422
1148202879496649
1319685360612944
9731740314118249
9531839078426485
9725503942992372
0979287733098868
2852106035987015
3411320073608341
1680225959901919
9797420148146484
6453261662460841
6217505101950594
0302023273138039
7225675813566195
1125748141322296
7949519514788391
6057789320362943
1168921254428122
1339492102088769
8281513006448343
6695878471185106
9998389437138562
7072935461134109
3836408948113222
1226581980701642
2552952783070331
2027866949372339
1894888126736908
1918962644090687
6487878655597278
6888998874990744
6456495613679083
4607087930206486
2897622509429759
1381106647545399
3818545357716126
1330288591240530
3616671874250776
4254267183700036
5126831385869171
2149564760914561
1266281131826290
0387264067445303
2648985692429248
3740884971193945
6948414176642125
5205312713550726
0140494084460374
8534110870640911
7083138942956290
7347302637968652
1499191685854396
8787975034577942
9342630427658407
6725882029614529
6463145113800196
6843256597783676
8006395717703055
4135614758164711
4082368606561601
0181022276564257
6841831386158907
3858952284190499
0239294008628766
1026477777115490
0420486562055304
9295194147876457
8776783656219195
3130072579300752
8922743151576916
7243238770335257
8714303987604554
1643995767634093
3054274954728347
1428182936188935
7883242751934300
3762892292480509
8661864602920811
4111219551277851
8976718779684832
3039947248161526
2377961600101753
3290114993095133
8610054984069444
9014434366285591
6491188012807982
6740251605252582
9103382213845326
3952202974431360
6462238763228654
7984252253590162
4044119153818607
8130528282708866
2816827225662052
6084262987871460
7166781592793122
4970641516696868
8466752738430250
3494417425464878
1576369229676232
6705415923436933
0720828858165736
3754467086294573
6322414342653977
9309198272846479
6725616558509205
1062115267877962
1696949338558815
5412665384225553
0683438436947489
8985375427502337
3624518860819007
7064702764996250
1498953162234203
4446704088895133
7318141016022213
5363934487286248
1189103051780532
3563608590247772
4287026485514561
4540138531114055
2293023062054998
0840857759309454
2432179524420355
0211313736505966
8103340155971636
2840289539963497
4036579035926119
2726049830034798
2372516182094204
4437285515355236
2854378351353678
7206289057139883
1721109462737196
6530841453726127
5763558943030631
0704751985396389
1464655234149448
6492048904483467
8652885300881978
1068643513710663
5805856744634450
6062201353355454
6105547941264765
3585057691697337
8370907518885278
7556382266331979
1950631663053534
4413580916307410
4404678399656506
6140495391360571
1294993602647893
8097625286580187
3164856274442613
5798138580906665
4815802260836243
9247358432242782
5377819378219099
0709825387630053
8471694769755891
6306892379107984
8592193169645952
4450550120579430
5265671173595770
5757245559127952
7897582606473145
9793372933813597
1754657130515594
3073021304322589
0067330465063223
4925955359782344
4681700210308237
5169112494177742
7247506153556039
8246131317396176
9369997933118526
3380797852783505
4094215176082270
1618904998495452
4042444267507010
6665636305295259
2667759463106417
5713427001601111
9084718912454273
2255561142493775
9409268427504758
4689318504123422
8230868342664909
8858051495321458
4199993656100402
5154808729245048
1505468711184322
9362702262041806
5462034099753487
9386236188830058
6675251190520162
9362710302375095
2111561829387905
8049108456992698
4429914145998438
0153111515550957
7917423764960616
6288892630442972
3175093960348316
8053073906370872
8184478256566316
9455373175820384
3050177100771478
3090744461735739
9325401180057744
5323463275055862
5660751110333885
2332038984438519
0229388793229444
7042633410812212
1976921101014257
3205532373082726
2886436355431996
2905441822387144
3792330173230726
7193872294818689
0527633579135983
8149569348608834
3294126185204359
9471040288252583
5450778931529858
9726544779319467
4901240855681919
3524006259128607
6632373450450172
3608526369284716
6899353560628046
9032249833162079
8952399653585980
2829112240518229
7472110019897156
3984083796782538
0053567153623569
3913884143750437
3388952821853005
9186871415538752
3637313269212008
9299869787775731
7209158426268929
9601886399896778
1766022846386472
0122244383865257
1691114842151172
3035514390746549
8579685527310200
5572876025518663
2423378571102463
4231652529022177
4068921369233125
1038437165007849
4204327044144456
1201956407413902
9870663748100803
7610417013462365
3974008347968561
0160106739742301
2626461597938361
1352205294766107
6727058072976800
6758486812739598
7495136537703176
4677495482783758
2982867017976310
8603066209506801
6885001509490830
6880602655569729
9255176194004726
0655717478478500
6929183121855778
3737390739124657
0422175949227059
1999254411045323
0581417824420233
1529715909790866
1221789114690533
3858689141900464
9361852126647994
3347171533174106
2867963935577898
0247250750660163
2281886295460579
6854159502365096
6401231387352797
8862746427605890
0766839135811088
0631411894342314
6682649835504460
8343003242457722
6712807862110843
1633212114990705
4096772913126799
9856476257472855
0927358263793633
3302216368941503
5088884802191073
1868488665150941
7842838212273199
5219772087745907
4307430976864135
6798717991999373
0982077478947453
2032000100824080
4185521570721716
6812949878456054
4876508072951037
4189150179688630
9371799641558725
6171528075390233
8593253286116441
8030135033301330
0490425225801826
6986422855325245
5614049897725315
6341419009730751
7787498644424589
6167613808153531
3770119698196957
3203770703970950
2307939425313065
3599368389918232
2532263149202256
0090675353540805
6157005463336726
7462646148066253
1445330128135589
9353490382598257
5776187710297447
1112825756312099
3291751276972553
4328943939750947
6336100309546675
5099448852200787
7202157396256049
4326918530935064
3500601650036102
6189012831933967
4358529954690867
9934880904698951
1745552998513480
6114804488533302
2046394525786539
0792737615083336
2219105442277376
6411872862791754
5608176301307207
2192170564404850
1614331463683214
5853105206309007
3596886349113006
0073469550873650
0722146853028831
2124222210630317
7541422056269063
8413177592763371
9028304261745922
6554178549509747
8428930826861265
7905953014257074
7292805749286054
0781878501103357
4712522152403738
2439808353303067
9082417734965791
8184555944430927
1559261953784746
9211681950722340
0927285681187372
7985555585325099
8814217056581716
1155228781176912
8767507654259982
3088679297155961
7432661634126142
6497616146466545
2750814931017189
9277691783282108
9073981644498752
5900133044656035
1296015569988425
1809048311843343
9230012317627438
4526338308592844
4970358773567540
5486591260239848
2659040748473647
5258221534612600
6776043642455935
2603863331633089
9375941495395513
4453262912124601
7221017590688457
8922957984518214
8367680327412632
8321004413233815
0890325913171544
6823223501522382
7714945332990511
5540410063427054
0237972215964762
6084533459914351
1005676668891360
9735321541608879
3375271269641439
1222141128228079
2895740508817321
3340642558881593
5505955082238108
4807624495792016
9984757925788341
9407001306549578
6348498331242654
9633544726361175
7576945369369832
9322997610795940
7411734826301232
9120674464635588
6075937398852453
1295265710095378
3792326643464807
8477118220635736
5295161674117539
2725461801011705
1553763879090568
6309474721190010
2665655206565959
5203788600212435
5331603304476087
4705049165657236
1537010903605123
5128912848254555
0783740081316770
7040096850414330
5993832413749292
3274114935895915
2102521318595879
8964352771980650
0509013540142785
6897732710189866
2339346345530509
4042535774627459
9157956641271272
5190714691245721
1377895181289759
5132173662388670
1860720396685193
7051151489615322
0347110802112523
5640154125737000
7512150897856071
5873696261433096
3106898120451116
7935699829401769
6312060985582896
9162508978945887
5912729434641689
5596720151787076
5772565774304020
3745470130281339
2985951505186187
9869274693276532
0398100561592326
4428534123137232
9251619340346010
5366411753170205
3193976032408674
1244729531206703
2772961729565611
5500173302968108
0506590353074487
8682882121595313
4650534304759564
8641454045024519
7919261050317755
1544428933635780
0171499179309989
9708468464730556
3550884284978542
9212838787082997
9964979488206230
9210613884153595
8109533360196619
2282832497405121
2097412607893792
8777770454652179
1265572757415786
0021194604468694
9581543042568686
1006571827808304
0704015728319487
5145935870925351
0125954603800438
7541593533530232
3494240116926979
4720244612759283
7922083743350146
8841334894205599
4010732582166120
7495252540052145
2657402594238047
6579887225406308
0192511828046816
9111136041230378
4198811619300304
4957368762973589
9966425262167122
0547639039755757
4593067512604914
6978139851803226
4950361376246565
4566192900068248
2919705175400794
1079107078907372
4554285217381898
1207104207397968
6825249381122953
8399960698307010
1358806369294873
8578807203334435
5427178503198802
4435788838937599
1040462634243140
9684711829191051
3167171738830087
8308274929767367
6842110613615208
4826968479893227
3676966536231494
4996084483609574
5900264074168493
4302742485642568
6506578947876954
0676437421186940
6691163876463084
6388053331640145
4837690067875747
1845164372368822
0541197114012424
1713076016369220
8506094945246116
0830013464960349
7520234403466769
4114370049215575
0327215714542393
4336712923841591
0492376202862126
7388174990363675
4145923937147368
9921785087586490
8135767926752598
1745187242372454
4947860249518663
0128630182369104
2525171351546733
2075668650817836
0571678709945880
6110092214282189
3415906012544114
3839839068082100
3061242560697364
1337276268626995
8279581551268360
1744380097974373
9568855719058529
9166998633116091
6125991234101338
0323480969290939
3872216955143079
9081528425917959
2448495447859586
4044848205536762
0322020541055900
4772289982418722
0896157711305579
1486842034802143
0257138044090650
3771504266695007
7175517538924262
0727590033838171
6291837335733547
5152789196290910
9601959592189180
9665547790876100
1475048754971129
7181803268356932
1083979903265574
8725887923954782
2661478852012646
2759618347264783
6939312723826719
4898877537129529
1255863867772306
5577700350084508
7937709899189318
0260527501639060
5842439332772676
5706200091973418
3500238734719387
0603490309708485
9804806774105191
4598970384687198
0819580002473960
2234463053019457
5208517686478566
7813386091835567
3244528707006017
0106546173404908
1058897565651259
7487225965622386
2477092933951032
2002255365439459
4564607974892245
1081963061798519
0789733989257294
2844005820554412
7492824845621093
0757888499629800
2950550147217057
5090422413643403
4783772161168595
0734008065460296
4595099016205760
9822325411946219
8573715947671073
5176891667181785
1154828159652843
8874666790779781
0544144585124313
4773873846531697
0703032968681618
9084853997750985
4778519917652599
9243875836546536
9996100013165848
4889193415909406
2815750401727805
6394979324382230
1142693679792189
6007563566142317
1588615805737985
1186353411213283
4783317249717380
3293228898500177
0102920590253419
9797133832842035
6178761972786775
8646563046131371
6813972883859373
1605668451459011
8813522271328086
1302039563212720
5904587055548654
8672890018200588
3032025936360462
2376670019296363
0318226051086527
3088254486164933
4577368078511565
7107402880901179
0648217331345739
7299615238406992
2414079246701401
8138291653359760
9802635232762865
2483797682443241
5777361985226756
3406182583320865
7481402628291219
7786123721113841
4467271891958193
1082636345860903
3890167183515229
6674297943280335
3192535148881095
8726126241734355
6104198913699552
9606099180579094
5968622516115919
0591197005899412
0845746064198875
2992799821676018
0551002355651202
3365054225976539
2156389633041638
4774447118127346
7570123644599716
6149477863429826
7467329374053864
2059965853174509
6446047463034654
3862713405157967
7366350348022793
9962788961971105
7781044278212809
0712171875400184
0856815343260858
3805602544840562
8789709341894458
1354294655013576
6363462436426461
9507924004593041
3306934413960137
4038905506548838
7109489698613515
2185108148152385
2623061252902428
5310537355844908
2924052159099683
8590871313367432
8068842326064867
4030084276035880
8526858363459800
1152377563468851
3507098514550721
1608637433970964
6782842400818934
1662465162754184
1082603694267325
0279228489440508
7460321422738270
5852091081293535
1012384585102505
9134729187347706
0201908946842074
0417409191911861
8085096079255226
1645866204192576
4734457828911434
1020107192182703
0295048765353951
6019474502149510
6521700934368848
8823313314953689
5654310446288345
1049628236296033
8484310819442361
2735663638966921
8362803632701207
1126550660241540
4717059088249291
7374065136416553
7939687315116927
1435517140759501
1156318547495001
4963874411976036
4316802948459669
9343283105180098
5228612278633270
0833449601605670
2925649195052339
3483129275504065
1888351059595472
8772761162111909
5429925799234442
6048596268148285
0401740050711611
0627384827656161
1073573992290542
1586901780599840
1595315075003581
7841365192018645
9604788861731631
9998504266570615
3445964144038377
3174947703949142
0199617522764841
4398935552883378
2490332310814507
9216795778740563
6831288282705040
8756899197171659
0038777846051765
3678668865183045
1489528203687120
7683790621633577
9729211109695993
2420592009890279
8010925024254334
9212561338770646
5016351206696969
9656731733772594
2665030032263086
9614326778899937
2924714475526518
2638413063087023
7526498368239842
7048193095033578
5247691689028009
1286565443696203
9157345700228959
9425056113827339
1812739676972703
2621670332084729
1457117569265038
2961832322849052
5250611502113976
7097595085419632
9646411788729561
0405376150238732
1773728458735614
6547073557892525
8623798867256227
6976441717894012
2520874965506616
6524199817531788
