0.0 0.0 0.0 0.0 0.0 0.0 0.0 0.0 0.0 0.0 0.0 0.0 0.0 0.0 0.0 0.0 0.0 0.0 
0.0 0.0 0.2777777777777778 0.018518518518518517 0.0 0.0 0.018518518518518517 0.0 0.0 0.037037037037037035 0.0 0.0 0.537037037037037 0.0 0.05555555555555555 0.037037037037037035 0.018518518518518517 0.0 
0.0 0.14705882352941177 0.0 0.029411764705882353 0.0 0.0 0.029411764705882353 0.0 0.0 0.0 0.0 0.0 0.696078431372549 0.0 0.06862745098039215 0.0196078431372549 0.00980392156862745 0.0 
0.0 0.04166666666666667 0.12500000000000003 0.0 0.0 0.25000000000000006 0.12500000000000003 0.0 0.0 0.0 0.0 0.25000000000000006 0.12500000000000003 0.0 0.04166666666666667 0.0 0.04166666666666667 0.0 
0.0 0.0 0.0 0.0 0.0 0.0 1.0 0.0 0.0 0.0 0.0 0.0 0.0 0.0 0.0 0.0 0.0 0.0 
0.0 0.0 0.0 0.25 0.0 0.0 0.125 0.0 0.0 0.0 0.625 0.0 0.0 0.0 0.0 0.0 0.0 0.0 
0.0 0.023809523809523808 0.07142857142857142 0.07142857142857142 0.5714285714285714 0.07142857142857142 0.0 0.0 0.0 0.0 0.07142857142857142 0.0 0.07142857142857142 0.0 0.023809523809523808 0.0 0.023809523809523808 0.0 
0.0 0.0 0.0 0.0 0.0 0.0 0.0 0.0 1.0 0.0 0.0 0.0 0.0 0.0 0.0 0.0 0.0 0.0 
0.0 0.0 0.0 0.0 0.0 0.0 0.0 1.0 0.0 0.0 0.0 0.0 0.0 0.0 0.0 0.0 0.0 0.0 
0.0 0.08333333333333333 0.0 0.0 0.0 0.0 0.0 0.0 0.0 0.0 0.0 0.0 0.08333333333333333 0.5 0.3333333333333333 0.0 0.0 0.0 
0.0 0.0 0.0 0.0 0.0 0.8333333333333334 0.16666666666666666 0.0 0.0 0.0 0.0 0.0 0.0 0.0 0.0 0.0 0.0 0.0 
0.0 0.0 0.0 0.14285714285714285 0.0 0.0 0.0 0.0 0.0 0.0 0.0 0.0 0.0 0.0 0.0 0.8571428571428571 0.0 0.0 
0.0 0.23015873015873017 0.5634920634920635 0.023809523809523815 0.0 0.0 0.023809523809523815 0.0 0.0 0.015873015873015876 0.0 0.0 0.0 0.0 0.07142857142857144 0.0634920634920635 0.007936507936507938 0.0 
0.0 0.0 0.0 0.0 0.0 0.0 0.0 0.0 0.0 1.0 0.0 0.0 0.0 0.0 0.0 0.0 0.0 0.0 
0.0 0.1 0.2333333333333333 0.03333333333333333 0.0 0.0 0.03333333333333333 0.0 0.0 0.26666666666666666 0.0 0.0 0.3 0.0 0.0 0.0 0.03333333333333333 0.0 
0.0 0.041666666666666664 0.041666666666666664 0.0 0.0 0.0 0.0 0.0 0.0 0.0 0.0 0.75 0.16666666666666666 0.0 0.0 0.0 0.0 0.0 
0.0 0.16666666666666669 0.16666666666666669 0.16666666666666669 0.0 0.0 0.16666666666666669 0.0 0.0 0.0 0.0 0.0 0.16666666666666669 0.0 0.16666666666666669 0.0 0.0 0.0 
0.0 0.0 0.0 0.0 0.0 0.0 0.0 0.0 0.0 0.0 0.0 0.0 0.0 0.0 0.0 0.0 0.0 0.0 
