0.0 0.0 0.0 0.0 0.0 0.0 0.0 0.0 0.0 0.0 0.0 0.0 0.0 0.0 0.0 0.0 0.0 0.0 
0.0 0.0 2.5 0.16666666666666666 0.0 0.0 0.16666666666666666 0.0 0.0 0.3333333333333333 0.0 0.0 4.833333333333333 0.0 0.5 0.3333333333333333 0.16666666666666666 0.0 
0.0 2.5 0.0 0.5 0.0 0.0 0.5 0.0 0.0 0.0 0.0 0.0 11.833333333333332 0.0 1.1666666666666665 0.3333333333333333 0.16666666666666666 0.0 
0.0 0.16666666666666666 0.5 0.0 0.0 1.0 0.5 0.0 0.0 0.0 0.0 1.0 0.5 0.0 0.16666666666666666 0.0 0.16666666666666666 0.0 
0.0 0.0 0.0 0.0 0.0 0.0 4.0 0.0 0.0 0.0 0.0 0.0 0.0 0.0 0.0 0.0 0.0 0.0 
0.0 0.0 0.0 1.0 0.0 0.0 0.5 0.0 0.0 0.0 2.5 0.0 0.0 0.0 0.0 0.0 0.0 0.0 
0.0 0.16666666666666666 0.5 0.5 4.0 0.5 0.0 0.0 0.0 0.0 0.5 0.0 0.5 0.0 0.16666666666666666 0.0 0.16666666666666666 0.0 
0.0 0.0 0.0 0.0 0.0 0.0 0.0 0.0 4.0 0.0 0.0 0.0 0.0 0.0 0.0 0.0 0.0 0.0 
0.0 0.0 0.0 0.0 0.0 0.0 0.0 4.0 0.0 0.0 0.0 0.0 0.0 0.0 0.0 0.0 0.0 0.0 
0.0 0.3333333333333333 0.0 0.0 0.0 0.0 0.0 0.0 0.0 0.0 0.0 0.0 0.3333333333333333 2.0 1.3333333333333333 0.0 0.0 0.0 
0.0 0.0 0.0 0.0 0.0 2.5 0.5 0.0 0.0 0.0 0.0 0.0 0.0 0.0 0.0 0.0 0.0 0.0 
0.0 0.0 0.0 1.0 0.0 0.0 0.0 0.0 0.0 0.0 0.0 0.0 0.0 0.0 0.0 6.0 0.0 0.0 
0.0 4.833333333333333 11.833333333333332 0.5 0.0 0.0 0.5 0.0 0.0 0.3333333333333333 0.0 0.0 0.0 0.0 1.5 1.3333333333333333 0.16666666666666666 0.0 
0.0 0.0 0.0 0.0 0.0 0.0 0.0 0.0 0.0 2.0 0.0 0.0 0.0 0.0 0.0 0.0 0.0 0.0 
0.0 0.5 1.1666666666666665 0.16666666666666666 0.0 0.0 0.16666666666666666 0.0 0.0 1.3333333333333333 0.0 0.0 1.5 0.0 0.0 0.0 0.16666666666666666 0.0 
0.0 0.3333333333333333 0.3333333333333333 0.0 0.0 0.0 0.0 0.0 0.0 0.0 0.0 6.0 1.3333333333333333 0.0 0.0 0.0 0.0 0.0 
0.0 0.16666666666666666 0.16666666666666666 0.16666666666666666 0.0 0.0 0.16666666666666666 0.0 0.0 0.0 0.0 0.0 0.16666666666666666 0.0 0.16666666666666666 0.0 0.0 0.0 
0.0 0.0 0.0 0.0 0.0 0.0 0.0 0.0 0.0 0.0 0.0 0.0 0.0 0.0 0.0 0.0 0.0 0.0 
